1305031229.528748 0.0000000 0.0000000 0.0000000 0.0000000 0.0000000 0.0000000 1.0000000
1305031229.564425 -0.0157143 -0.0001756 0.0127399 -0.0030664 -0.0297426 0.0025544 0.9995496
1305031229.596600 0.0005540 -0.0076158 0.0051987 -0.0066877 -0.0593575 0.0082161 0.9981806
1305031229.729064 -0.0232367 0.0031353 0.0127641 -0.0057163 -0.1210150 0.0181517 0.9924682
1305031229.825613 -0.0285982 0.0047403 0.0101161 -0.0049857 -0.1775535 0.0326442 0.9835569
1305031230.098242 -0.0436858 0.0051124 0.0069769 -0.0036185 -0.3297248 0.0574130 0.9423228
1305031230.425670 -0.0759438 0.0031533 -0.0089151 -0.0075518 -0.4709087 0.0723634 0.8791766
1305031230.697932 -0.1005301 0.0011763 -0.0307198 -0.0211009 -0.6388526 0.0788513 0.7649866
1305031230.897379 -0.1138903 -0.0072200 -0.0394959 -0.0220756 -0.7322159 0.0854603 0.6753289
1305031230.964976 -0.1216942 0.0012829 -0.0502161 -0.0136065 -0.7516596 0.0837543 0.6540703
1305031231.197747 -0.1217757 0.0597672 -0.0785019 0.0023835 -0.7433297 0.0827542 0.6637824
1305031231.265594 -0.1144858 0.0413865 -0.0600135 0.0020590 -0.7183110 0.0787466 0.6912482
1305031231.325741 -0.1093048 0.0425592 -0.0495946 0.0026088 -0.6752013 0.0764005 0.7336615
1305031231.493669 -0.0983822 0.0385166 -0.0244953 -0.0068523 -0.5810515 0.0692463 0.8108867
1305031231.765478 -0.0800006 0.0369091 0.0377523 -0.0193671 -0.4675514 0.0542213 0.8820888
1305031231.965010 -0.0480023 0.0230678 0.0375082 -0.0205874 -0.3241188 0.0204489 0.9455712
1305031232.125662 -0.0271975 0.0136304 0.0281922 -0.0212925 -0.2279181 0.0083317 0.9734118
1305031232.293855 -0.0164064 0.0125496 0.0191219 -0.0179476 -0.1362682 -0.0067657 0.9904863
1305031232.425721 -0.0332398 -0.0102127 0.0127474 -0.0273930 -0.0751347 -0.0258458 0.9964619
1305031232.925756 -0.0228604 -0.0090650 -0.0056494 -0.0159598 0.1146999 -0.0660361 0.9910744
1305031233.061697 -0.0206376 0.0088051 -0.0090259 -0.0070485 0.0768697 -0.0387616 0.9962625
1305031233.225763 -0.0358860 0.0121855 -0.0027116 -0.0244141 -0.0001895 -0.0110887 0.9996404
1305031233.325798 -0.0955820 0.0243736 0.0081480 -0.0257255 -0.0875441 0.0157034 0.9957046
1305031233.493692 -0.0869634 0.0246194 -0.0008859 -0.0329189 -0.2560038 0.0403899 0.9652705
1305031233.893718 -0.0824827 0.0262616 0.0093308 -0.0293708 -0.3724735 0.0439371 0.9265367
1305031234.561675 -0.0632624 0.0034447 0.0187044 0.1618448 -0.3223966 0.1081356 0.9263765
1305031234.761815 -0.0560772 -0.0070450 0.0103028 0.2591718 -0.3064644 0.1318725 0.9063770
1305031234.929666 -0.0616426 0.0196283 0.0099514 0.3056548 -0.2959313 0.1407288 0.8939772
1305031235.161491 -0.0846799 0.0438185 0.0355652 0.2427641 -0.3188359 0.1290385 0.9070603
1305031235.793628 -0.1074774 0.0867337 0.0687726 -0.0840948 -0.3573544 0.0501234 0.9288237
1305031236.061630 -0.1084206 0.0880668 0.0928665 -0.2150115 -0.3632410 0.0175082 0.9063771
1305031236.593682 -0.1009142 0.0986044 0.0705656 -0.1066025 -0.3480991 0.0489016 0.9300922
1305031237.461646 -0.0295398 -0.0140597 -0.0413335 0.2631511 -0.2994011 0.1343195 0.9072314
1305031237.629705 -0.0271799 -0.0004482 -0.0493427 0.2997380 -0.2924998 0.1477146 0.8959807
1305031237.993683 -0.0416149 0.0224272 -0.0440821 0.2898110 -0.3043015 0.1563673 0.8938453
1305031238.129747 -0.0468008 0.0337505 -0.0252738 0.2291933 -0.3253261 0.1235841 0.9090437
1305031238.961656 -0.0863242 0.0616012 0.0130083 -0.1364735 -0.3707079 -0.0109643 0.9186024
1305031239.393718 -0.0852746 0.0748056 0.0085564 -0.0907711 -0.3674085 0.0069393 0.9255936
1305031239.761913 -0.0703297 0.0078992 0.0012951 0.0265183 -0.3556170 0.0507086 0.9328784
1305031240.093651 -0.0465040 -0.0219175 -0.0324662 0.1846286 -0.3401448 0.1087567 0.9156341
1305031240.361685 -0.0244344 -0.0124433 -0.0519178 0.3165258 -0.3198789 0.1582514 0.8788887
1305031240.631058 -0.0285242 0.0054456 -0.0562381 0.3469088 -0.3125553 0.1729857 0.8672020
1305031240.929673 -0.0557482 0.0463116 -0.0176253 0.2628938 -0.3224381 0.1288223 0.9001808
1305031242.561569 -0.0799282 0.0289644 -0.0257911 0.1027970 -0.3142076 -0.3367507 0.8816493
1305031242.929677 -0.1065145 0.0429048 -0.0472404 0.1430880 -0.2732236 -0.5623470 0.7672291
1305031243.293654 -0.1019085 0.0587955 -0.0354487 0.1457582 -0.2774550 -0.5646653 0.7634962
1305031229.528748 0.0000000 0.0000000 0.0000000 0.0000000 0.0000000 0.0000000 1.0000000
1305031245.129925 -0.0813557 0.1248710 0.0256660 -0.0006107 -0.3214788 0.5311049 0.7839507
1305031245.497697 -0.0903554 0.0882651 -0.0155101 0.1009684 -0.3302671 0.2744429 0.8974465
1305031247.261671 -0.1347916 0.0982300 -0.0924508 0.2257266 -0.1893217 -0.7760867 0.5575789
1305031247.629718 -0.1478160 0.1071877 -0.0892764 0.2175422 -0.2977814 -0.5733542 0.7316191
1305031247.961700 -0.1307630 0.0728827 -0.0981095 0.2112597 -0.3260126 -0.2931902 0.8735701
1305031248.329688 -0.0791852 0.0686478 -0.0950698 0.2094131 -0.3316882 0.0060151 0.9198331
1305031249.029697 -0.0476916 0.1307739 -0.0635160 0.1535309 -0.2577346 0.3756590 0.8768589
1305031249.429851 -0.0514990 0.1185752 -0.0457819 0.1344276 -0.2947352 0.3920486 0.8610216
1305031250.129780 -0.0842499 0.0623889 -0.0762777 0.1918723 -0.1168737 -0.1767458 0.9582727
1305031250.498138 -0.1085125 0.0518581 -0.0799416 0.2182479 -0.1367880 -0.4458612 0.8572425
1305031250.997612 -0.1367438 0.0760673 -0.0553950 0.2270911 -0.1456102 -0.5511687 0.7895824
1305031252.561862 -0.0628531 0.1110707 -0.0459301 0.0058454 -0.3795249 0.5374138 0.7530692
1305031252.897597 -0.0816037 0.0963680 -0.0473052 0.0892401 -0.3161815 0.3548121 0.8753136
