1305031453.359684 0.0000000 0.0000000 0.0000000 0.0000000 0.0000000 0.0000000 1.0000000
1305031453.459685 0.0172625 0.0083528 -0.0308916 0.0030892 0.0138679 0.0302581 0.9994411
1305031453.491698 0.0230453 0.0135641 -0.0425644 0.0073349 0.0191749 0.0405837 0.9989652
1305031453.627706 0.0121086 0.0363465 -0.1028124 0.0352522 0.0341979 0.0643363 0.9967189
1305031453.759694 -0.0374931 0.0661907 -0.1620053 0.0585982 0.0204735 0.0447820 0.9970666
1305031453.859705 -0.0723680 0.0936604 -0.2037689 0.0687201 -0.0064757 0.0217144 0.9973786
1305031453.959641 -0.0973985 0.1091848 -0.2312328 0.0630948 -0.0593863 0.0020628 0.9962370
1305031454.059654 -0.1330807 0.1164378 -0.2487331 0.0637172 -0.0933777 -0.0318716 0.9930785
1305031454.159672 -0.1763291 0.1251245 -0.2605045 0.0677618 -0.1309122 -0.0724512 0.9864184
1305031454.291639 -0.2117037 0.1316088 -0.2774397 0.0699903 -0.1849280 -0.1330441 0.9711860
1305031454.527700 -0.2613814 0.1609709 -0.2896861 0.0857843 -0.2455282 -0.2363099 0.9362236
1305031454.659528 -0.2742144 0.1976070 -0.2990746 0.0769459 -0.2851230 -0.2858292 0.9116391
1305031454.791641 -0.2539338 0.2130535 -0.2933922 0.0532058 -0.3257599 -0.2852831 0.8998129
1305031455.259631 -0.2932445 0.3562623 -0.3389553 0.0309961 -0.2710633 -0.2158184 0.9375427
1305031455.559669 -0.4217651 0.3954466 -0.4097315 -0.0276328 -0.2230992 -0.1277728 0.9659903
1305031455.759683 -0.5220879 0.3905345 -0.4780623 -0.0265130 -0.2018084 -0.1057655 0.9733366
1305031456.027770 -0.6282328 0.3723026 -0.5721605 -0.0264665 -0.1627838 -0.1167505 0.9793724
1305031456.227678 -0.6983095 0.3315312 -0.5987405 -0.0385491 -0.1216634 -0.1269370 0.9836661
1305031456.427662 -0.7839691 0.3081368 -0.5833282 -0.0223935 -0.0466544 -0.0986051 0.9937801
1305031456.691612 -0.9045715 0.3259065 -0.5133001 -0.0567759 -0.0112263 -0.0473278 0.9972014
1305031456.959667 -1.0006434 0.3648292 -0.4378433 -0.0645460 -0.0045244 0.0093447 0.9978607
1305031457.227543 -1.1087786 0.3579780 -0.4279252 -0.0931152 0.0508775 0.0466681 0.9932588
1305031457.527638 -1.2506311 0.3096479 -0.4978169 -0.0708583 0.1228384 0.0941755 0.9854039
1305031457.759556 -1.3584305 0.2575147 -0.5415836 -0.0663792 0.1443826 0.1084281 0.9813210
1305031457.991644 -1.4607136 0.1878050 -0.5570015 -0.0193841 0.1838352 0.1152559 0.9759841
1305031458.227611 -1.5796975 0.1610153 -0.4824407 -0.0058372 0.2114115 0.1265671 0.9691501
1305031458.459637 -1.6431350 0.0941552 -0.3737884 0.0344163 0.2024046 0.1443269 0.9679967
1305031458.659623 -1.6992707 0.1470213 -0.2275540 0.0978137 0.2441586 0.1255467 0.9565861
1305031458.927621 -1.6767052 0.1678348 -0.1266271 0.0962518 0.1730366 0.0844880 0.9765530
1305031459.127618 -1.8172774 0.0611931 -0.1061444 0.1146382 0.1594579 0.1299960 0.9718705
1305031459.191674 -1.8454168 0.0565259 -0.0921198 0.1299348 0.1177220 0.1359856 0.9750725
1305031459.259760 -1.8353463 0.0783303 -0.0507253 0.1394385 0.0971561 0.1541387 0.9733236
1305031459.327632 -1.8267733 0.0980133 -0.0237999 0.1399652 0.1174586 0.1769211 0.9671154
1305031459.391667 -1.8500364 0.1308882 0.0056719 0.1493089 0.1672729 0.2163669 0.9502168
1305031459.527594 -1.9084209 0.1456525 0.0457063 0.1275649 0.2786000 0.3549834 0.8832304
1305031459.559647 -1.9288490 0.1370936 0.0642710 0.1231521 0.3001360 0.3767790 0.8676344
1305031459.891596 -2.0692999 0.0343672 0.1454492 0.0947155 0.3493990 0.4057416 0.8392395
1305031460.127690 -2.1153977 -0.0815633 0.1987802 0.0939071 0.3359356 0.4379603 0.8285647
1305031460.191559 -2.1201305 -0.0966571 0.2194973 0.1048094 0.3224782 0.4504961 0.8258789
1305031460.459620 -2.0977707 -0.1795083 0.2529057 0.0935306 0.3811113 0.4710417 0.7900164
1305031460.691671 -2.0958996 -0.2587193 0.3094847 0.0595501 0.4473503 0.4933687 0.7435851
1305031461.027620 -2.0465055 -0.3725230 0.3942382 0.0129678 0.4780615 0.4915469 0.7277848
1305031461.391708 -1.9726207 -0.4308485 0.4611521 0.0029468 0.4892948 0.4656683 0.7373838
1305031461.827615 -1.9312859 -0.3676897 0.4179621 -0.0101946 0.5092301 0.4776458 0.7158459
1305031461.991590 -1.9695433 -0.2814850 0.3987663 -0.0094870 0.5164627 0.5105561 0.6873928
1305031462.191641 -1.9928255 -0.2351786 0.3974856 -0.0241602 0.4949636 0.5597499 0.6641592
1305031462.359732 -2.0293927 -0.2049746 0.4097705 -0.0589146 0.4872486 0.5503706 0.6754332
1305031462.527670 -2.0738258 -0.1774896 0.4279608 -0.0996700 0.4548840 0.5373529 0.7031347
1305031462.791943 -2.1470628 -0.1206899 0.3753121 -0.1114911 0.4117561 0.4687959 0.7734708
1305031462.959676 -2.1784105 -0.0618070 0.3069035 -0.1082956 0.3906768 0.4504957 0.7954227
1305031463.195657 -2.1991601 -0.0015498 0.2000356 -0.0863112 0.3678305 0.3964965 0.8366849
1305031463.427716 -2.1701963 0.0645851 0.1055406 -0.0677719 0.3438969 0.3690156 0.8607958
1305031463.627588 -2.1128449 0.1157386 0.0127831 -0.0637272 0.3365956 0.3629757 0.8665396
1305031463.859910 -2.0287211 0.1250220 -0.1284809 -0.0508038 0.3368112 0.3215024 0.8835233
1305031464.095634 -1.9672809 0.0928692 -0.2649792 -0.0435533 0.3262388 0.2700522 0.9048443
1305031464.227624 -1.9582348 0.0668762 -0.3228912 -0.0158179 0.3074315 0.2535719 0.9170262
1305031464.459689 -1.8893012 0.0624695 -0.4417134 0.0090764 0.2394000 0.2132799 0.9471626
1305031464.495633 -1.8768921 0.0643703 -0.4639260 0.0113628 0.2352501 0.2075220 0.9494540
1305031464.595698 -1.8243458 0.0447801 -0.5305765 0.0057602 0.2297157 0.1793873 0.9565656
1305031464.695663 -1.7927949 0.0037174 -0.5916374 0.0227383 0.2630361 0.1381678 0.9545704
1305031464.796021 -1.8012204 0.0123305 -0.5935112 0.0587537 0.2715173 0.0763993 0.9575957
1305031464.895817 -1.7698927 0.0199928 -0.6048375 0.0725504 0.2244211 0.0274051 0.9714013
1305031465.027823 -1.6869200 -0.0054382 -0.6031430 0.0710826 0.1962939 -0.0550600 0.9764140
1305031465.095700 -1.6618266 0.0680051 -0.5687338 0.0823460 0.1781958 -0.0859044 0.9767731
1305031465.159842 -1.6239771 0.0804630 -0.5515327 0.0461261 0.1503007 -0.1071560 0.9817330
1305031465.227907 -1.5821108 0.0981675 -0.5296044 0.0229108 0.1271226 -0.1187025 0.9844921
1305031465.295623 -1.5432267 0.1116018 -0.5015424 0.0079863 0.1066715 -0.1070331 0.9884844
1305031465.359948 -1.5157641 0.1267116 -0.4808111 -0.0013782 0.0793383 -0.0825592 0.9934222
1305031465.427697 -1.4525496 0.1486887 -0.4784975 0.0066893 0.0417005 -0.0592459 0.9973496
1305031465.495703 -1.4023172 0.1881051 -0.4822728 0.0139117 0.0166757 -0.0352667 0.9991419
1305031465.559812 -1.3485655 0.1976674 -0.4880312 0.0170557 -0.0063590 -0.0254559 0.9995102
1305031465.660060 -1.2836014 0.2483713 -0.5053673 0.0355816 -0.0283501 0.0011403 0.9989640
1305031465.759766 -1.2018713 0.3062033 -0.5208443 0.0590772 -0.0505141 0.0273772 0.9965985
1305031465.859861 -1.1189870 0.3686637 -0.5310926 0.0859915 -0.0659124 0.0453036 0.9930804
1305031465.927495 -1.0628432 0.4092767 -0.5317440 0.0953717 -0.0601650 0.0511385 0.9923050
1305031466.027644 -1.0156586 0.4851475 -0.5430339 0.1223385 -0.0434364 0.0466700 0.9904385
1305031466.095840 -0.9902600 0.5355784 -0.5510951 0.1194800 -0.0441770 0.0492049 0.9906320
1305031466.195833 -0.9564160 0.5948706 -0.5787814 0.1043153 -0.0627269 0.0505390 0.9912767
1305031466.295737 -0.8849427 0.6166598 -0.6112772 0.0898475 -0.0777324 0.0282954 0.9925142
1305031466.527538 -0.7712856 0.6783173 -0.6855294 0.0844616 -0.0678579 -0.0010800 0.9941128
1305031466.959728 -0.5211327 0.7462290 -0.7339110 0.0786867 -0.1177020 -0.0536959 0.9884692
1305031467.359654 -0.3304589 0.7781327 -0.7643090 0.0901258 -0.1746087 -0.1171938 0.9734756
1305031467.727535 -0.1666131 0.7531641 -0.7676250 0.0862595 -0.2290379 -0.1455538 0.9586006
1305031468.059850 -0.0955921 0.6433881 -0.6400367 0.1242707 -0.2721990 -0.1594978 0.9407577
1305031468.395860 -0.0293928 0.4694257 -0.5043116 0.1174323 -0.2810860 -0.1637277 0.9382929
1305031468.759628 -0.0538045 0.2479018 -0.4826207 0.1080521 -0.2961192 -0.1933367 0.9291174
1305031469.159703 -0.0983480 0.1378935 -0.4229314 0.0309563 -0.2604016 -0.2542391 0.9309109
1305031469.595755 -0.1654015 0.1602957 -0.2673680 -0.0206474 -0.1897546 -0.3001147 0.9346111
1305031469.995551 -0.2502950 0.3253615 -0.1496797 -0.0769019 -0.1753341 -0.2740806 0.9424563
1305031470.327644 -0.3748209 0.4671139 -0.1616277 -0.1127489 -0.1697667 -0.2526360 0.9458552
1305031470.627729 -0.4889369 0.5483244 -0.1931096 -0.1268829 -0.1690644 -0.2378254 0.9480280
1305031470.927684 -0.5809088 0.5841699 -0.2091125 -0.1195021 -0.1599646 -0.2023382 0.9587439
1305031471.259722 -0.6621978 0.5622525 -0.2439526 -0.0794303 -0.1477155 -0.1565283 0.9733292
