1305031790.645155 0.0043195 0.0099792 0.0081160 0.0009727 -0.0005679 -0.0022616 0.9999968
1305031790.813207 0.0294672 0.0459309 0.0158184 -0.0485035 0.0025810 0.0246620 0.9985152
1305031790.845151 0.0371303 0.0491850 0.0160801 -0.0621708 0.0033056 0.0313682 0.9975670
1305031790.945171 0.0533768 0.0553181 0.0204885 -0.0875950 0.0177692 0.0522409 0.9946267
1305031791.045137 0.0632586 0.0442480 0.0231131 -0.0761562 0.0375354 0.0750741 0.9935569
1305031791.145096 0.0613464 0.0357920 0.0124212 -0.0153382 0.0864649 0.0912011 0.9919531
1305031791.245087 0.0711097 0.0118356 -0.0169374 0.0612025 0.1446065 0.0955204 0.9829644
1305031791.345123 0.0648040 -0.0022888 -0.0362348 0.1408395 0.2035519 0.1070120 0.9629534
1305031791.481375 0.0404125 -0.0332790 -0.0550787 0.2331088 0.2520215 0.1339052 0.9296316
1305031791.645074 0.0069959 -0.0837189 -0.0855061 0.3172436 0.2860061 0.1305403 0.8947157
1305031791.745148 -0.0285798 -0.0888593 -0.0906134 0.3766808 0.3142815 0.1242210 0.8625010
1305031791.845123 -0.0597730 -0.0516143 -0.0448279 0.4421817 0.3510650 0.1098061 0.8180289
1305031792.050221 -0.1921526 -0.1820938 -0.1968775 0.4842115 0.3940800 0.1152539 0.7726297
1305031792.481098 -0.2800839 -0.2916820 -0.3361348 0.4387945 0.4092870 0.1408959 0.7874591
1305031792.613102 -0.2398294 -0.2424213 -0.3011687 0.3871381 0.3980109 0.1738133 0.8133267
1305031792.713116 -0.2328968 -0.2242872 -0.2734972 0.3417424 0.4010385 0.1961913 0.8269759
1305031792.813144 -0.2136353 -0.1976675 -0.2431276 0.2972264 0.3964452 0.2173386 0.8409826
1305031792.981139 -0.2036150 -0.1941874 -0.1926872 0.2244495 0.3910447 0.2693726 0.8509670
1305031793.149098 -0.1838071 -0.1395105 -0.1405075 0.1747167 0.3917912 0.3142221 0.8468992
1305031793.413790 -0.1570170 -0.0958568 -0.0845152 0.0960834 0.4161080 0.3739736 0.8232654
1305031793.749040 -0.1399665 -0.0455544 0.0159724 0.0114455 0.4155529 0.4839243 0.7700663
1305031794.549055 -0.0550727 -0.0921446 -0.0662560 0.0553970 0.4850030 0.5033472 0.7129831
1305031794.681066 -0.0607887 -0.0818252 -0.1177983 0.0988633 0.5332555 0.4708395 0.6958268
1305031794.813436 -0.0755950 0.0105777 -0.1930171 0.1541941 0.6060517 0.4163115 0.6600078
1305031794.981050 -0.0734074 0.1497935 -0.3619238 0.2259872 0.6614232 0.3461429 0.6258069
1305031795.281099 -0.1284667 0.1169428 -0.4474796 0.3008862 0.7353655 0.2875879 0.5347880
1305031795.749082 -0.1356737 -0.1945906 -0.4917709 0.2810727 0.8384551 0.2910604 0.3650684
1305031796.081227 -0.0097917 -0.0782728 -0.3610672 0.2226337 0.8212749 0.4120698 0.3257916
1305031796.481178 0.0438482 0.0083980 -0.3077343 0.1591035 0.7443610 0.5853862 0.2791698
1305031796.881184 0.0217947 0.0595552 -0.2226226 0.1283833 0.6277774 0.7221153 0.2606964
1305031797.213700 -0.0255018 0.0980096 -0.1480650 0.1169600 0.5386859 0.7973294 0.2457716
1305031797.815809 -0.1037702 0.1653818 -0.1710296 0.1383732 0.5953894 0.7676158 0.1926923
1305031797.981341 -0.1186215 0.1561103 -0.2303426 0.1322073 0.6730542 0.7131245 0.1448202
1305031798.216929 -0.1300439 0.1238940 -0.3107394 0.1244514 0.7597331 0.6347645 0.0662686
1305031798.417222 -0.1168861 0.0959462 -0.3617839 0.1018991 0.8158882 0.5691599 -0.0002097
1305031798.681151 -0.1000416 0.0592207 -0.4286075 0.0851055 0.8702766 0.4758801 -0.0944126
1305031798.881162 -0.0997825 -0.0005463 -0.4811827 0.0689547 0.8994092 0.4049960 -0.1492868
1305031799.184118 -0.1120901 -0.0931756 -0.4862964 0.0242435 0.9191229 0.3501122 -0.1790163
1305031799.485240 -0.1557740 -0.1345258 -0.4189351 0.0115264 0.8987049 0.3862031 -0.2074701
1305031799.685205 -0.1658212 -0.1195783 -0.3632803 0.0206172 0.8616011 0.4577012 -0.2184678
1305031799.985247 -0.1771482 -0.0775943 -0.3040185 0.0583103 0.7822386 0.5771108 -0.2272572
1305031800.317620 -0.1806004 0.0014007 -0.1954088 0.0893762 0.6755757 0.6893028 -0.2459086
1305031800.553322 -0.1739186 0.0511407 -0.1387635 0.1142213 0.5910304 0.7487759 -0.2774368
1305031801.017245 -0.3241309 0.0974115 -0.2309730 0.1309194 0.5570326 0.7367773 -0.3601861
1305031801.183861 -0.3330035 0.0873663 -0.2797099 0.0551996 0.6263343 0.6641399 -0.4044459
1305031801.385161 -0.2552280 0.0918071 -0.1504947 -0.0262166 0.7149487 0.5478094 -0.4336657
1305031801.653120 -0.2812301 0.0183552 -0.2495474 -0.0730108 0.7689652 0.4566355 -0.4414136
1305031801.953529 -0.2905993 -0.0749941 -0.3141509 -0.1360087 0.8198885 0.3456878 -0.4356426
1305031802.585495 -0.3917461 -0.1396950 -0.0772921 -0.1690463 0.8111013 0.2954241 -0.4756707
1305031802.853834 -0.4064542 -0.0281631 0.0479978 0.1159024 -0.7266254 -0.4159991 0.5343472
1305031803.021892 -0.4151762 0.0098443 0.1038968 0.0910597 -0.6704114 -0.4567064 0.5776469
1305031803.222085 -0.3983230 0.0538670 0.1837037 0.0592711 -0.6076519 -0.4737699 0.6346560
1305031803.381500 -0.3976471 0.0918283 0.2147702 0.0290878 -0.5517283 -0.4905962 0.6738436
1305031803.753975 -0.3659396 0.1208199 0.2582613 -0.0402047 -0.4716773 -0.5159301 0.7139469
1305031804.021970 -0.3301657 0.1345843 0.3051818 -0.1192596 -0.4171615 -0.5626538 0.7036861
1305031804.520303 -0.4064286 0.0522113 0.4044703 -0.1091248 -0.4460491 -0.5087058 0.7282516
1305031804.681565 -0.4187585 0.0014285 0.3494673 -0.0223080 -0.4725021 -0.4639605 0.7489892
1305031804.949441 -0.4245538 -0.0378880 0.2643594 0.1658891 -0.4995417 -0.3724177 0.7643585
1305031805.217403 -0.4726047 -0.0270174 0.2223078 0.2595319 -0.5186558 -0.2817855 0.7643535
1305031805.417337 -0.5001888 -0.0166115 0.1459069 0.3295586 -0.5052700 -0.2287671 0.7640412
1305031805.617604 -0.5191655 0.0705177 -0.0673472 0.4207177 -0.4656345 -0.1743773 0.7587975
1305031805.781456 -0.4891580 -0.0492235 -0.2512448 0.3760594 -0.4433142 -0.1789640 0.7937404
1305031805.881469 -0.4907908 -0.0168993 -0.2061092 0.3124973 -0.4279752 -0.1990189 0.8243629
1305031805.981495 -0.4886558 -0.0025824 -0.1667194 0.2634372 -0.4142051 -0.2131375 0.8447528
1305031806.081522 -0.4774506 -0.0053082 -0.1122398 0.2292828 -0.3927725 -0.2261374 0.8614064
1305031806.181476 -0.4632841 0.0025237 -0.0702121 0.1940339 -0.3664416 -0.2354005 0.8790097
1305031806.349431 -0.4457637 0.0175580 -0.0183572 0.1192816 -0.3228315 -0.2558203 0.9033868
1305031806.517514 -0.4228047 0.0341158 0.0343688 0.0536177 -0.2863238 -0.2659427 0.9189224
1305031806.881395 -0.3733712 0.0908954 0.1161206 -0.0861405 -0.2180429 -0.2572069 0.9374869
1305031807.081512 -0.3607582 0.1203853 0.1400326 -0.1385002 -0.1885392 -0.2387488 0.9424806
1305031807.417438 -0.3970865 0.0741403 0.1423075 -0.1182910 -0.1296182 -0.1700972 0.9696769
1305031807.581447 -0.4155916 0.0144379 0.1304149 -0.0033792 -0.0976843 -0.1322082 0.9863911
1305031807.881470 -0.4564202 -0.0265203 0.0731814 0.1854698 -0.0538886 -0.0834135 0.9776191
1305031808.149433 -0.4612099 -0.0825366 0.0049606 0.3144543 -0.0600711 -0.0545484 0.9457983
1305031808.349431 -0.4534497 -0.1159360 -0.0603879 0.4028390 -0.0736074 -0.0487077 0.9110051
1305031808.449356 -0.4628828 -0.1358677 -0.0995361 0.4362123 -0.0729374 -0.0482510 0.8955840
1305031808.517409 -0.4388658 -0.1458140 -0.1369557 0.4574952 -0.0746511 -0.0429616 0.8850309
1305031808.549430 -0.4304028 -0.1526860 -0.1491116 0.4658284 -0.0766523 -0.0415374 0.8805697
1305031808.617470 -0.4349805 -0.1776196 -0.2005109 0.4803872 -0.0665921 -0.0361252 0.8737784
1305031808.649371 -0.4277283 -0.1793130 -0.2149287 0.4894446 -0.0588175 -0.0322282 0.8694514
1305031808.717501 -0.3950602 -0.1816260 -0.2351645 0.5045866 -0.0491787 -0.0291324 0.8614669
1305031808.781467 -0.3975362 -0.1798344 -0.2383338 0.5201057 -0.0269732 -0.0259134 0.8532825
1305031808.881454 -0.3694675 -0.1644546 -0.2717574 0.5202046 0.0062455 -0.0163577 0.8538622
1305031808.949458 -0.3705551 -0.1728347 -0.3088492 0.4942026 0.0244153 -0.0089287 0.8689580
1305031809.117517 -0.3754707 -0.1345222 -0.2464263 0.4259211 0.0684967 0.0013033 0.9021628
1305031809.181454 -0.3785006 -0.1239667 -0.2360153 0.3991299 0.0890086 0.0118291 0.9124872
1305031809.281664 -0.3811950 -0.1017317 -0.2054603 0.3548957 0.1082215 0.0314427 0.9280886
1305031809.417304 -0.3819548 -0.0995234 -0.1793369 0.2942130 0.1231457 0.0513025 0.9463836
1305031809.649447 -0.4070071 -0.0788278 -0.1433998 0.2173892 0.1375546 0.0676701 0.9639717
1305031809.981453 -0.4248118 -0.0229318 -0.1025468 0.1135388 0.1608788 0.1042844 0.9748598
1305031810.449427 -0.3896304 0.0542165 -0.0997935 -0.0292012 0.1849491 0.1468029 0.9712827
1305031810.717449 -0.3478061 0.0773816 -0.0999547 -0.0846972 0.2089583 0.1872956 0.9560770
1305031810.949471 -0.2380974 0.0249207 -0.1500061 -0.0108920 0.2594714 0.2142050 0.9416327
1305031811.285401 -0.1432232 -0.0457817 -0.2521271 0.1138979 0.3322580 0.2200930 0.9100500
1305031811.617439 -0.1776994 0.0985437 -0.2211799 0.3044671 0.4273051 0.1729475 0.8335462
1305031811.817440 -0.2059006 0.0986341 -0.2324410 0.3873996 0.4508021 0.1512315 0.7898279
1305031812.149444 -0.2881102 0.0272544 -0.3159813 0.4742392 0.4800048 0.1245596 0.7274459
1305031812.349628 -0.3142133 0.0114837 -0.3707685 0.5028200 0.4996222 0.1158348 0.6957960
1305031812.585434 -0.3627170 0.0214192 -0.4911350 0.4610949 0.5364273 0.1323791 0.6943436
1305031812.685438 -0.3427035 0.0805631 -0.4908827 0.4295362 0.5449451 0.1485031 0.7046136
1305031812.849411 -0.3102575 0.1500058 -0.4793395 0.3668748 0.5480210 0.1950232 0.7259764
1305031813.085316 -0.2991396 0.0987091 -0.4843816 0.2539703 0.5392421 0.2899591 0.7487595
1305031813.349429 -0.3309624 0.1484578 -0.3462176 0.1689485 0.5007438 0.3773831 0.7604564
1305031813.617514 -0.3890474 0.2132369 -0.2363554 0.0780058 0.4768803 0.4477853 0.7523221
1305031813.849442 -0.4586465 0.2129845 -0.1578471 -0.0007716 0.4564672 0.4830745 0.7471788
1305031814.285406 -0.4304841 0.2025166 -0.1572372 -0.0253902 0.4502452 0.5760302 0.6817799
1305031814.585485 -0.4358095 0.2229393 -0.2897050 0.0654880 0.5636632 0.5708056 0.5934442
1305031814.749513 -0.4531963 0.2120236 -0.3278107 0.1087665 0.6369185 0.5370056 0.5423373
1305031815.049420 -0.4621132 0.1970686 -0.3792493 0.1510998 0.7125715 0.4787025 0.4901577
